['correct_pair', 'similar_words_ratio', 'sequence_matching_similarity', 'levenshtein_similarity', 'jacquard_similarity', 'synonym_similarity', 'ne_similarity']
[[ 1.          0.16899987  0.03598914  0.2211002   0.10978814 -0.02318215
   0.05795264]
 [ 0.16899987  1.          0.11753688  0.40467484  0.62736721 -0.22191213
   0.36215815]
 [ 0.03598914  0.11753688  1.          0.0551514  -0.02723324 -0.32259573
  -0.11019129]
 [ 0.2211002   0.40467484  0.0551514   1.          0.53009818  0.00226715
   0.27138072]
 [ 0.10978814  0.62736721 -0.02723324  0.53009818  1.          0.20080647
   0.4039919 ]
 [-0.02318215 -0.22191213 -0.32259573  0.00226715  0.20080647  1.
   0.20798718]
 [ 0.05795264  0.36215815 -0.11019129  0.27138072  0.4039919   0.20798718
   1.        ]]
