['correct_pair', 'similar_words_ratio', 'sequence_matching_similarity', 'levenshtein_similarity', 'jacquard_similarity', 'synonym_similarity', 'ne_similarity', 'all-mpnet-base-v2', 'Sahajtomar/German-semantic', 'distiluse-base-multilingual-cased-v1']
[[ 1.          0.26288816  0.02694463  0.14414616  0.17096087  0.00692173
   0.05305886  0.27886756  0.21850024  0.26414383]
 [ 0.26288816  1.          0.09106848  0.19808643  0.68476973  0.13254221
   0.36968134  0.60528748  0.48018996  0.68201909]
 [ 0.02694463  0.09106848  1.         -0.02715101 -0.14142023 -0.21110043
   0.05746264 -0.02045586 -0.10368775  0.05196519]
 [ 0.14414616  0.19808643 -0.02715101  1.          0.42364864  0.01471497
   0.23464652  0.19636953  0.43539992  0.21664191]
 [ 0.17096087  0.68476973 -0.14142023  0.42364864  1.          0.121732
   0.33968835  0.46408967  0.46092136  0.48787569]
 [ 0.00692173  0.13254221 -0.21110043  0.01471497  0.121732    1.
   0.01937924  0.11073163  0.23716122  0.06759567]
 [ 0.05305886  0.36968134  0.05746264  0.23464652  0.33968835  0.01937924
   1.          0.32959261  0.50345114  0.29982565]
 [ 0.27886756  0.60528748 -0.02045586  0.19636953  0.46408967  0.11073163
   0.32959261  1.          0.52348142  0.60027912]
 [ 0.21850024  0.48018996 -0.10368775  0.43539992  0.46092136  0.23716122
   0.50345114  0.52348142  1.          0.63990541]
 [ 0.26414383  0.68201909  0.05196519  0.21664191  0.48787569  0.06759567
   0.29982565  0.60027912  0.63990541  1.        ]]
